14 21
0 1000 128 0 10240 10240
1 1000 128 0 10240 10240
2 1000 128 0 10240 10240
3 1000 128 0 10240 10240
4 1000 128 0 10240 10240
5 1000 128 0 10240 10240
6 1000 128 0 10240 10240
7 1000 128 0 10240 10240
8 1000 128 0 10240 10240
9 1000 128 0 10240 10240 cs
10 1000 128 0 10240 10240
11 1000 128 0 10240 10240
12 1000 128 0 10240 10240
13 1000 128 0 10240 10240
0 1 102400 102400
0 2 102400 102400
1 3 102400 102400
1 4 102400 102400
2 3 102400 102400
2 6 102400 102400
3 5 102400 102400
3 6 102400 102400
4 5 102400 102400
4 7 102400 102400
5 8 102400 102400
6 9 102400 102400
6 10 102400 102400
7 8 102400 102400
8 9 102400 102400
9 10 102400 102400
9 11 102400 102400
10 11 102400 102400
10 13 102400 102400
11 12 102400 102400
12 13 102400 102400