14 21
0 1000 128 0 10240 10240
1 1000 128 0 10240 10240
2 1000 128 0 10240 10240
3 1000 128 0 10240 10240
4 1000 128 0 10240 10240
5 1000 128 0 10240 10240
6 1000 128 0 10240 10240
7 1000 128 0 10240 10240
8 1000 128 0 10240 10240
9 1000 128 0 10240 10240 cs
10 1000 128 0 10240 10240
11 1000 128 0 10240 10240
12 1000 128 0 10240 10240
13 1000 128 0 10240 10240
0 1 -1 -1
0 2 -1 -1
1 3 -1 -1
1 4 -1 -1
2 3 -1 -1
2 6 -1 -1
3 5 -1 -1
3 6 -1 -1
4 5 -1 -1
4 7 -1 -1
5 8 -1 -1
6 9 -1 -1
6 10 -1 -1
7 8 -1 -1
8 9 -1 -1
9 10 -1 -1
9 11 -1 -1
10 11 -1 -1
10 13 -1 -1
11 12 -1 -1
12 13 -1 -1